0 2 3
0.04 2 2.958412
0.08 2 2.9136982
0.12 2 2.8659184
0.16 2 2.8151386
0.2 2 2.7614331
0.24 2 2.704874
0.28 2 2.645542
0.32 2 2.5835304
0.36 2 2.5189295
0.4 2 2.4518409
0.44 2 2.3823628
0.48 2 2.3106031
0.52 2 2.236669
0.56 2 2.1606731
0.6 2 2.0827308
0.64 2 2.0029573
0.68 1.9214767 1.9214767
0.72 1.8384109 1.8384109
0.76 1.7538861 1.7538861
0.8 1.6680311 1.6680311
0.84 1.5809767 1.5809767
0.88 1.4928579 1.4928579
0.92 1.4038119 1.4038119
0.96 1.3139721 1.3139721
1 1.22347 1.22347
1.04 1.1324502 1.1324502
1.08 1.0410553 1.0410553
1.12 0.94942343 0.94942343
1.16 0.85768545 0.85768545
1.2 0.7659903 0.7659903
1.24 0.6744815 0.6744815
1.28 0.5832991 0.5832991
1.32 0.49256924 0.49256924
1.36 0.40244076 0.40244076
1.4 0.3130544 0.3130544
1.44 0.22454849 0.22454849
1.48 0.13704306 0.13704306
1.52 0.050682094 0.050682094
1.56 -0.034399915 -0.034399915
1.6 -0.11806991 -0.11806991
1.64 -0.20021208 -0.20021208
1.68 -0.28069454 -0.28069454
1.72 -0.35939422 -0.35939422
1.76 -0.43619072 -0.43619072
1.8 -0.51097035 -0.51097035
1.84 -0.5836191 -0.5836191
1.88 -0.6540278 -0.6540278
1.92 -0.72209114 -0.72209114
1.96 -0.78770477 -0.78770477
2 -0.8507713 -0.8507713
2.04 -0.91119725 -0.91119725
2.08 -0.9688933 -0.9688933
2.12 -1.023772 -1.023772
2.16 -1.075752 -1.075752
2.2 -1.1247574 -1.1247574
2.24 -1.1707163 -1.1707163
2.28 -1.2135609 -1.2135609
2.32 -1.2532291 -1.2532291
2.36 -1.2896639 -1.2896639
2.4 -1.3228134 -1.3228134
2.44 -1.3526306 -1.3526306
2.48 -1.3790739 -1.3790739
2.52 -1.4021077 -1.4021077
2.56 -1.421702 -1.421702
2.6 -1.4378314 -1.4378314
2.64 -1.4504757 -1.4504757
2.68 -1.4596219 -1.4596219
2.72 -1.4652625 -1.4652625
2.76 -1.4673947 -1.4673947
2.8 -1.4673947 -1.4660197
2.84 -1.4673947 -1.4611478
2.88 -1.4673947 -1.4527935
2.92 -1.4673947 -1.4409766
2.96 -1.4673947 -1.4257206
3 -1.4673947 -1.4070578
3.04 -1.4673947 -1.3850245
3.08 -1.4673947 -1.3596629
3.12 -1.4673947 -1.331018
3.16 -1.4673947 -1.2991431
3.2 -1.4673947 -1.264096
3.24 -1.4673947 -1.2259395
3.28 -1.4673947 -1.1847392
3.32 -1.4673947 -1.1405686
3.36 -1.4673947 -1.0935049
3.4 -1.4673947 -1.0436305
3.44 -1.4673947 -0.9910294
3.48 -1.4673947 -0.93579334
3.52 -1.4673947 -0.87801754
3.56 -1.4673947 -0.81780136
3.6 -1.4673947 -0.7552457
3.64 -1.4673947 -0.69045776
3.68 -1.4673947 -0.62354815
3.72 -1.4673947 -0.5546307
3.76 -1.4673947 -0.48382086
3.8 -1.4673947 -0.4112385
3.84 -1.4673947 -0.33700666
3.88 -1.4673947 -0.26125085
3.92 -1.4673947 -0.18409786
3.96 -1.4673947 -0.105677426
4 -1.4673947 -0.026121877
4.04 -1.4673947 0.054434832
4.08 -1.4673947 0.13585791
4.12 -1.4673947 0.21801098
4.16 -1.4673947 0.30075577
4.2 -1.4673947 0.3839533
4.24 -1.4673947 0.4674643
4.28 -1.4673947 0.5511492
4.32 -1.4673947 0.6348672
4.36 -1.4673947 0.718478
4.4 -1.4673947 0.80184144
4.44 -1.4673947 0.8848181
4.48 -1.4673947 0.9672685
4.52 -1.4673947 1.0490545
4.56 -1.4673947 1.1300386
4.6 -1.4673947 1.2100852
4.64 -1.4673947 1.2890595
4.68 -1.4673947 1.3668292
4.72 -1.4673947 1.443263
4.76 -1.4673947 1.5182325
4.8 -1.4673947 1.5916111
4.84 -1.4673947 1.6632755
4.88 -1.4673947 1.7331045
4.92 -1.4673947 1.8009795
4.96 -1.4673947 1.8667859
5 -1.4673947 1.9304122
5.04 -1.4673947 1.9917502
5.08 -1.4673947 2.050695
5.12 -1.4673947 2.1071458
5.16 -1.4673947 2.1610065
5.2 -1.4673947 2.2121844
5.24 -1.4673947 2.2605908
5.28 -1.4673947 2.3061419
5.32 -1.4673947 2.3487587
5.36 -1.4673947 2.3883674
5.4 -1.4673947 2.4248967
5.44 -1.4673947 2.4582825
5.48 -1.4673947 2.4884648
5.52 -1.4673947 2.51539
5.56 -1.4673947 2.5390072
5.6 -1.4673947 2.5592723
5.64 -1.4673947 2.576147
5.68 -1.4673947 2.5895987
5.72 -1.4673947 2.5995982
5.76 -1.4673947 2.6061232
5.8 -1.4673947 2.609157
5.84 -1.4673947 2.6086895
5.88 -1.4673947 2.604714
5.92 -1.4673947 2.5972297
5.96 -1.4673947 2.5862434
6 -1.4673947 2.5717664
6.04 -1.4673947 2.5538154
6.08 -1.4673947 2.532411
6.12 -1.4673947 2.507583
6.16 -1.4673947 2.4793642
6.2 -1.4673947 2.4477937
6.24 -1.4673947 2.4129143
6.28 -1.4673947 2.3747764
6.32 -1.4673947 2.3334348
6.36 -1.4673947 2.2889495
6.4 -1.4673947 2.2413838
6.44 -1.4673947 2.1908083
6.48 -1.4673947 2.1372979
6.52 -1.4673947 2.0809321
6.56 -1.4673947 2.021793
6.6 -1.4673947 1.9599696
6.64 -1.4673947 1.8955551
6.68 -1.4673947 1.8286467
6.72 -1.4673947 1.7593427
6.76 -1.4673947 1.687749
6.8 -1.4673947 1.613974
6.84 -1.4673947 1.5381297
6.88 -1.4673947 1.4603293
6.92 -1.4673947 1.3806919
6.96 -1.4673947 1.2993387
7 -1.4673947 1.216394
7.04 -1.4673947 1.1319826
7.08 -1.4673947 1.0462338
7.12 -1.4673947 0.95927864
7.16 -1.4673947 0.87125015
7.2 -1.4673947 0.78228194
7.24 -1.4673947 0.69251007
7.28 -1.4673947 0.6020721
7.32 -1.4673947 0.51110655
7.36 -1.4673947 0.41975206
7.4 -1.4673947 0.32814828
7.44 -1.4673947 0.23643564
7.48 -1.4673947 0.14475463
7.52 -1.4673947 0.053245317
7.56 -1.4673947 -0.03795249
7.6 -1.4673947 -0.12869908
7.64 -1.4673947 -0.2188556
7.68 -1.4673947 -0.30828428
7.72 -1.4673947 -0.3968486
7.76 -1.4673947 -0.48441312
7.8 -1.4673947 -0.57084423
7.84 -1.4673947 -0.65601003
7.88 -1.4673947 -0.73978055
7.92 -1.4673947 -0.82202834
7.96 -1.4673947 -0.90262824
8 -1.4673947 -0.9814577
8.04 -1.4673947 -1.0583968
8.08 -1.4673947 -1.1333289
8.12 -1.4673947 -1.2061409
8.16 -1.4673947 -1.2767226
8.2 -1.4673947 -1.3449668
8.24 -1.4673947 -1.4107714
8.28 -1.4740375 -1.4740375
8.32 -1.5346706 -1.5346706
8.36 -1.592579 -1.592579
8.4 -1.6476772 -1.6476772
8.44 -1.6998836 -1.6998836
8.48 -1.7491214 -1.7491214
8.52 -1.7953168 -1.7953168
8.56 -1.8384033 -1.8384033
8.6 -1.8783185 -1.8783185
8.64 -1.9150054 -1.9150054
8.68 -1.9484103 -1.9484103
8.72 -1.9784867 -1.9784867
8.76 -2.0051932 -2.0051932
8.8 -2.0284944 -2.0284944
8.84 -2.0483575 -2.0483575
8.88 -2.0647576 -2.0647576
8.92 -2.0776756 -2.0776756
8.96 -2.0870976 -2.0870976
9 -2.093014 -2.093014
9.04 -2.0954213 -2.0954213
9.08 -2.0954213 -2.0943232
9.12 -2.0954213 -2.0897279
9.16 -2.0954213 -2.0816483
9.2 -2.0954213 -2.0701036
9.24 -2.0954213 -2.0551193
9.28 -2.0954213 -2.0367265
9.32 -2.0954213 -2.0149598
9.36 -2.0954213 -1.9898603
9.4 -2.0954213 -1.9614751
9.44 -2.0954213 -1.9298565
9.48 -2.0954213 -1.8950613
9.52 -2.0954213 -1.8571502
9.56 -2.0954213 -1.8161914
9.6 -2.0954213 -1.7722573
9.64 -2.0954213 -1.7254244
9.68 -2.0954213 -1.6757725
9.72 -2.0954213 -1.6233888
9.76 -2.0954213 -1.5683637
9.8 -2.0954213 -1.5107917
9.84 -2.0954213 -1.4507698
9.88 -2.0954213 -1.3884015
9.92 -2.0954213 -1.3237933
9.96 -2.0954213 -1.2570552
10 -2.0954213 -1.1882988
10.04 -2.0954213 -1.1176414
10.08 -2.0954213 -1.0452029
10.12 -2.0954213 -0.9711057
10.16 -2.0954213 -0.89547336
10.2 -2.0954213 -0.8184342
10.24 -2.0954213 -0.740118
10.28 -2.0954213 -0.66065687
10.32 -2.0954213 -0.58018297
10.36 -2.0954213 -0.49883223
10.4 -2.0954213 -0.41674128
10.44 -2.0954213 -0.33404815
10.48 -2.0954213 -0.25089076
10.52 -2.0954213 -0.16740878
10.56 -2.0954213 -0.08374238
10.6 -2.0954213 -3.1986085e-05
10.64 -2.0954213 0.083582506
10.68 -2.0954213 0.1669609
10.72 -2.0954213 0.24996322
10.76 -2.0954213 0.3324502
10.8 -2.0954213 0.4142837
10.84 -2.0954213 0.49532634
10.88 -2.0954213 0.575442
10.92 -2.0954213 0.65449625
10.96 -2.0954213 0.7323561
11 -2.0954213 0.8088905
11.04 -2.0954213 0.88397086
11.08 -2.0954213 0.95747054
11.12 -2.0954213 1.0292656
11.16 -2.0954213 1.0992346
11.2 -2.0954213 1.1672593
11.24 -2.0954213 1.2332249
11.28 -2.0954213 1.297019
11.32 -2.0954213 1.3585329
11.36 -2.0954213 1.4176623
11.4 -2.0954213 1.4743062
11.44 -2.0954213 1.5283676
11.48 -2.0954213 1.579753
11.52 -2.0954213 1.6283742
11.56 -2.0954213 1.6741475
11.6 -2.0954213 1.7169931
11.64 -2.0954213 1.7568351
11.68 -2.0954213 1.7936041
11.72 -2.0954213 1.8272351
11.76 -2.0954213 1.8576683
11.8 -2.0954213 1.884847
11.84 -2.0954213 1.9087223
11.88 -2.0954213 1.92925
11.92 -2.0954213 1.9463912
11.96 -2.0954213 1.9601102
12 -2.0954213 1.9703798
12.04 -2.0954213 1.9771775
12.08 -2.0954213 1.9804866
12.12 -2.0954213 1.9802935
12.16 -2.0954213 1.976593
12.2 -2.0954213 1.969385
12.24 -2.0954213 1.9586753
12.28 -2.0954213 1.9444729
12.32 -2.0954213 1.9267946
12.36 -2.0954213 1.905663
12.4 -2.0954213 1.881106
12.44 -2.0954213 1.8531551
12.48 -2.0954213 1.8218488
12.52 -2.0954213 1.7872312
12.56 -2.0954213 1.749352
12.6 -2.0954213 1.7082645
12.64 -2.0954213 1.6640275
12.68 -2.0954213 1.6167063
12.72 -2.0954213 1.5663705
12.76 -2.0954213 1.513094
12.8 -2.0954213 1.4569542
12.84 -2.0954213 1.3980361
12.88 -2.0954213 1.3364276
12.92 -2.0954213 1.2722206
12.96 -2.0954213 1.2055105
13 -2.0954213 1.1363983
13.04 -2.0954213 1.0649887
13.08 -2.0954213 0.9913896
13.12 -2.0954213 0.91571087
13.16 -2.0954213 0.8380682
13.2 -2.0954213 0.7585797
13.24 -2.0954213 0.67736626
13.28 -2.0954213 0.5945501
13.32 -2.0954213 0.51025814
13.36 -2.0954213 0.42461917
13.4 -2.0954213 0.33776394
13.44 -2.0954213 0.24982382
13.48 -2.0954213 0.16093382
13.52 -2.0954213 0.07122995
13.56 -2.0954213 -0.019150447
13.6 -2.0954213 -0.110070206
13.64 -2.0954213 -0.20138967
13.68 -2.0954213 -0.29296905
13.72 -2.0954213 -0.384668
13.76 -2.0954213 -0.4763469
13.8 -2.0954213 -0.5678652
13.84 -2.0954213 -0.6590828
13.88 -2.0954213 -0.7498599
13.92 -2.0954213 -0.8400582
13.96 -2.0954213 -0.92953956
14 -2.0954213 -1.0181673
14.04 -2.0954213 -1.1058059
14.08 -2.0954213 -1.1923215
14.12 -2.0954213 -1.2775824
14.16 -2.0954213 -1.3614583
14.2 -2.0954213 -1.4438217
14.24 -2.0954213 -1.524547
14.28 -2.0954213 -1.6035113
14.32 -2.0954213 -1.680595
14.36 -2.0954213 -1.7556814
14.4 -2.0954213 -1.8286563
14.44 -2.0954213 -1.8994093
14.48 -2.0954213 -1.9678339
14.52 -2.0954213 -2.0338273
14.56 -2.09729 -2.09729
14.6 -2.1581264 -2.1581264
14.64 -2.216246 -2.216246
14.68 -2.2715626 -2.2715626
14.72 -2.3239942 -2.3239942
14.76 -2.373462 -2.373462
14.8 -2.4198945 -2.4198945
14.84 -2.4632237 -2.4632237
14.88 -2.5033867 -2.5033867
14.92 -2.5403247 -2.5403247
14.96 -2.5739858 -2.5739858
15 -2.604323 -2.604323
15.04 -2.631294 -2.631294
15.08 -2.6548607 -2.6548607
15.12 -2.6749928 -2.6749928
15.16 -2.691665 -2.691665
15.2 -2.7048573 -2.7048573
15.24 -2.7145529 -2.7145529
15.28 -2.7207441 -2.7207441
15.32 -2.7234278 -2.7234278
15.36 -2.7234278 -2.7226067
15.4 -2.7234278 -2.7182858
15.44 -2.7234278 -2.7104802
15.48 -2.7234278 -2.699209
15.52 -2.7234278 -2.6844974
15.56 -2.7234278 -2.666373
15.6 -2.7234278 -2.6448722
15.64 -2.7234278 -2.6200364
15.68 -2.7234278 -2.5919123
15.72 -2.7234278 -2.5605495
15.76 -2.7234278 -2.526005
15.8 -2.7234278 -2.4883413
15.84 -2.7234278 -2.4476254
15.88 -2.7234278 -2.4039278
15.92 -2.7234278 -2.3573246
15.96 -2.7234278 -2.3078973
16 -2.7234278 -2.255732
16.04 -2.7234278 -2.200918
16.08 -2.7234278 -2.1435485
16.12 -2.7234278 -2.0837228
16.16 -2.7234278 -2.0215433
16.2 -2.7234278 -1.957115
16.24 -2.7234278 -1.8905473
16.28 -2.7234278 -1.8219534
16.32 -2.7234278 -1.7514501
16.36 -2.7234278 -1.6791561
16.4 -2.7234278 -1.6051927
16.44 -2.7234278 -1.5296853
16.48 -2.7234278 -1.4527615
16.52 -2.7234278 -1.3745506
16.56 -2.7234278 -1.2951833
16.6 -2.7234278 -1.2147934
16.64 -2.7234278 -1.1335166
16.68 -2.7234278 -1.0514889
16.72 -2.7234278 -0.96884733
16.76 -2.7234278 -0.885731
16.8 -2.7234278 -0.80227935
16.84 -2.7234278 -0.7186326
16.88 -2.7234278 -0.63493013
16.92 -2.7234278 -0.5513127
16.96 -2.7234278 -0.4679205
17 -2.7234278 -0.38489357
17.04 -2.7234278 -0.30237064
17.08 -2.7234278 -0.22049034
17.12 -2.7234278 -0.13939013
17.16 -2.7234278 -0.059206136
17.2 -2.7234278 0.01992699
17.24 -2.7234278 0.09787625
17.28 -2.7234278 0.17451058
17.32 -2.7234278 0.24970105
17.36 -2.7234278 0.32332075
17.4 -2.7234278 0.39524555
17.44 -2.7234278 0.46535414
17.48 -2.7234278 0.5335281
17.52 -2.7234278 0.5996516
17.56 -2.7234278 0.6636124
17.6 -2.7234278 0.72530216
17.64 -2.7234278 0.7846159
17.68 -2.7234278 0.84145194
17.72 -2.7234278 0.89571273
17.76 -2.7234278 0.9473055
17.8 -2.7234278 0.9961417
17.84 -2.7234278 1.0421362
17.88 -2.7234278 1.0852088
17.92 -2.7234278 1.1252844
17.96 -2.7234278 1.1622933
18 -2.7234278 1.1961694
18.04 -2.7234278 1.2268511
18.08 -2.7234278 1.254284
18.12 -2.7234278 1.278418
18.16 -2.7234278 1.299208
18.2 -2.7234278 1.3166132
18.24 -2.7234278 1.3306001
18.28 -2.7234278 1.3411407
18.32 -2.7234278 1.3482115
18.36 -2.7234278 1.3517933
18.4 -2.7234278 1.3518751
18.44 -2.7234278 1.3484508
18.48 -2.7234278 1.3415196
18.52 -2.7234278 1.3310845
18.56 -2.7234278 1.3171569
18.6 -2.7234278 1.2997531
18.64 -2.7234278 1.2788949
18.68 -2.7234278 1.2546072
18.72 -2.7234278 1.226924
18.76 -2.7234278 1.195883
18.8 -2.7234278 1.1615286
18.84 -2.7234278 1.1239069
18.88 -2.7234278 1.0830729
18.92 -2.7234278 1.039086
18.96 -2.7234278 0.99201053
19 -2.7234278 0.94191384
19.04 -2.7234278 0.88887024
19.08 -2.7234278 0.8329587
19.12 -2.7234278 0.7742628
19.16 -2.7234278 0.7128687
19.2 -2.7234278 0.64886844
19.24 -2.7234278 0.58235854
19.28 -2.7234278 0.5134395
19.32 -2.7234278 0.44221422
19.36 -2.7234278 0.36879006
19.4 -2.7234278 0.29327872
19.44 -2.7234278 0.21579504
19.48 -2.7234278 0.13645592
19.52 -2.7234278 0.055381425
19.56 -2.7234278 -0.027304469
19.6 -2.7234278 -0.11147556
19.64 -2.7234278 -0.19700392
19.68 -2.7234278 -0.28375977
19.72 -2.7234278 -0.3716101
19.76 -2.7234278 -0.4604205
19.8 -2.7234278 -0.5500554
19.84 -2.7234278 -0.64037853
19.88 -2.7234278 -0.73125124
19.92 -2.7234278 -0.8225343
19.96 -2.7234278 -0.9140881
20 -2.7234278 -1.0057725
20 -2.7234278 -1.0057725
